Pg=zeros(10,10) ;
Pg(1,1)= [2.35017495E+00 ];
  Pg(2,1:2)=[-5.49137060E-01  1.99062046E+00 ];
  Pg(3,1:3)=[0.00000000E+00  0.00000000E+00   2.49694028E-01 ];
  Pg(4,1:4)=[0.00000000E+00  0.00000000E+00  0.00000000E+00  2.49694028E-01;];
 Pg(5,1:5)=[-3.54350528E-01 -1.05349317E+00  0.00000000E+00  0.00000000E+00  1.26186404E+00];
  Pg(6,1:6)=[6.60575047E-02   4.36410697E-02  0.00000000E+00  0.00000000E+00 -3.31398475E-01  2.17273590E+00 ];
  Pg(7,1:7)=[1.06732001E-01 -5.34128668E-01   0.00000000E+00  0.00000000E+00  5.19574778E-01 -4.18839509E-01  1.82128316E+00  ];
  Pg(8,1:8)=[0.00000000E+00  0.00000000E+00  5.14105385E-01  0.00000000E+00  0.00000000E+00  0.00000000E+00  0.00000000E+00  1.05851289E+00  ];
  Pg(9,1:9)=[0.00000000E+00  0.00000000E+00  0.00000000E+00  5.14105385E-01  0.00000000E+00  0.00000000E+00  0.00000000E+00  0.00000000E+00  1.05851289E+00];
  Pg(10,1:10)=[6.77106869E-01  1.10924894E-01  0.00000000E+00  0.00000000E+00 -1.17371660E+00  9.25530572E-02  4.63900605E-01  0.00000000E+00  0.00000000E+00  2.38802125E+00];