Pg=zeros(10,10) ;  
Pg(1,1)=2.13671772E+00;
Pg(2,1:2)=[-4.74807489E-01  1.89444249E+00] ;
Pg(3,1:3)=[0.00000000E+00  0.00000000E+00  4.17610465E-01]  ;
Pg(4,1:4)=[0.00000000E+00  0.00000000E+00  0.00000000E+00  4.17610465E-01];
Pg(5,1:5)= [ 1.69660577E-01 -7.18926079E-01  0.00000000E+00  0.00000000E+00  7.22521659E-01];
Pg(6,1:6)=  [1.92226238E-02 -1.67202856E-03  0.00000000E+00  0.00000000E+00 -9.72064239E-02  2.12478967E+00];
Pg(7,1:7)=[-1.43996403E-02 -2.82861030E-01  0.00000000E+00  0.00000000E+00  1.13026964E-01 -4.78750595E-01  2.03939915E+00];
Pg(8,1:8)=[0.00000000E+00  0.00000000E+00  7.09371155E-01  0.00000000E+00  0.00000000E+00  0.00000000E+00  0.00000000E+00  1.20496845E+00 ];
Pg(9,1:9)=[0.00000000E+00  0.00000000E+00  0.00000000E+00  7.09371155E-01  0.00000000E+00  0.00000000E+00  0.00000000E+00  0.00000000E+00  1.20496845E+00];
Pg(10,1:10)=[  1.42569994E-01 -1.02403210E-01  0.00000000E+00  0.00000000E+00 -6.68289658E-01 -1.17903871E-01  5.28992759E-01  0.00000000E+00  0.00000000E+00  1.27258470E+00];

S(1,1) =[ 0.100000D+01];
S(2,1:2)= [ 0.270057D+00  0.100000D+01];
S(3,1:3)= [ 0.000000D+00  0.000000D+00  0.100000D+01];
S(4,1:4)= [0.000000D+00  0.000000D+00  0.000000D+00  0.100000D+01];
 S(5,1:5)= [ 0.000000D+00  0.000000D+00  0.000000D+00  0.000000D+00  0.100000D+01];
S(6,1:6)=  [0.000000D+00  0.481036D-01  0.000000D+00  0.000000D+00  0.762005D-01 0.100000D+01];
S(7,1:7)=[ 0.492580D-01  0.422391D+00  0.000000D+00  0.000000D+00  0.507082D+00 0.258787D+00  0.100000D+01];
S(8,1:8)= [0.000000D+00  0.000000D+00  0.266025D+00  0.000000D+00  0.000000D+00 0.000000D+00  0.000000D+00  0.100000D+01];
S(9,1:9)=[ 0.000000D+00  0.000000D+00  0.000000D+00  0.266025D+00  0.000000D+00 0.000000D+00  0.000000D+00  0.000000D+00  0.100000D+01];
S(10,1:10)=[-0.868970D-01 -0.358908D+00  0.000000D+00  0.000000D+00 -0.303593D+00  0.000000D+00  0.000000D+00  0.000000D+00  0.000000D+00  0.100000D+01];
